57
115
8 33 4
27 41 6
11 50 18
39 45 6
41 0 14
11 15 7
30 42 9
25 55 18
49 26 19
48 44 14
15 54 2
19 6 20
32 19 6
19 40 16
14 34 8
36 3 19
3 40 6
6 53 14
28 56 14
42 1 10
42 14 20
4 55 9
4 13 16
3 13 11
3 9 8
42 35 6
41 38 1
46 7 14
42 55 19
3 25 7
34 41 10
11 43 16
45 56 2
23 56 3
22 24 19
46 27 5
31 51 18
25 18 13
5 20 12
6 16 13
6 46 17
3 54 2
8 30 17
8 40 16
1 34 14
36 13 5
49 8 15
16 52 8
5 21 6
35 22 19
18 35 16
15 53 5
5 49 1
3 43 17
44 2 16
11 55 5
17 24 1
50 25 16
23 31 15
3 38 18
1 23 20
15 17 11
1 33 12
16 22 20
12 45 3
39 20 12
2 26 8
26 54 13
26 30 10
36 21 11
46 24 8
8 45 8
26 45 14
32 31 6
1 54 17
1 6 14
19 36 17
14 31 9
32 42 7
5 40 1
51 52 3
6 4 17
18 36 18
29 49 3
41 12 15
2 43 16
7 37 12
6 21 20
42 10 3
10 29 7
6 36 12
9 36 18
29 5 5
11 32 6
29 50 8
4 30 11
1 36 10
2 34 8
17 43 7
27 52 11
1 48 6
19 30 13
4 15 8
19 38 14
12 32 4
9 47 1
19 11 5
0 11 19
16 28 9
19 17 16
20 35 15
33 48 12
0 6 4
4 17 19
4 39 14
6
35
55
5
335
